4
16
16
[[0, 0, 0, 0, 1, 1, 2, 9, 1, 0, 0, 0, 0, 0, 1, 9], [0, 1, 1, 2, 2, 9, 3, 2, 3, 1, 1, 1, 2, 2, 2, 1], [1, 2, 9, 2, 9, 3, 3, 9, 2, 9, 1, 1, 9, 9, 2, 1], [1, 9, 3, 3, 1, 2, 9, 2, 2, 1, 1, 1, 2, 4, 9, 2], [1, 2, 9, 1, 1, 2, 3, 2, 1, 0, 0, 1, 1, 3, 9, 2], [0, 1, 1, 1, 1, 9, 2, 9, 2, 1, 0, 1, 9, 2, 1, 1], [0, 1, 1, 1, 1, 1, 2, 2, 9, 1, 0, 1, 1, 1, 0, 0], [0, 1, 9, 2, 1, 2, 1, 2, 1, 1, 0, 0, 0, 0, 0, 0], [0, 1, 1, 2, 9, 2, 9, 2, 1, 1, 0, 0, 0, 0, 0, 0], [0, 0, 0, 1, 1, 2, 1, 2, 9, 1, 1, 1, 1, 0, 1, 1], [1, 1, 1, 1, 1, 2, 1, 3, 2, 3, 3, 9, 2, 0, 1, 9], [1, 9, 1, 1, 9, 2, 9, 2, 9, 4, 9, 9, 2, 0, 1, 1], [1, 1, 1, 1, 1, 2, 1, 2, 2, 9, 9, 3, 1, 0, 0, 0], [0, 0, 0, 0, 0, 0, 0, 0, 1, 3, 3, 3, 1, 1, 0, 0], [0, 0, 1, 2, 3, 3, 2, 1, 0, 1, 9, 2, 9, 2, 2, 1], [0, 0, 1, 9, 9, 9, 9, 1, 0, 1, 1, 2, 2, 9, 2, 9]]
[[0, 0, 0, 0, 0, 0, 0, 0, 0, 0, 0, 0, 0, 0, 0, 0], [0, 0, 0, 0, 0, 0, 0, 0, 0, 0, 0, 0, 0, 0, 0, 0], [0, 0, 0, 0, 0, 0, 0, 0, 0, 0, 0, 0, 0, 0, 0, 0], [0, 0, 0, 0, 0, 0, 0, 0, 1, 1, 1, 1, 0, 0, 0, 0], [1, 1, 0, 0, 0, 0, 1, 0, 1, 1, 1, 1, 1, 1, 0, 0], [1, 1, 0, 0, 0, 0, 0, 0, 1, 1, 1, 1, 1, 1, 1, 1], [1, 1, 0, 0, 0, 0, 0, 1, 0, 1, 1, 1, 1, 1, 1, 1], [1, 1, 0, 0, 0, 0, 1, 0, 0, 1, 1, 1, 1, 1, 1, 1], [1, 1, 1, 1, 0, 1, 0, 0, 0, 1, 1, 1, 1, 1, 1, 1], [1, 1, 1, 1, 0, 0, 0, 0, 1, 1, 1, 1, 1, 1, 1, 1], [1, 1, 1, 1, 0, 0, 0, 0, 1, 0, 0, 1, 1, 1, 1, 0], [1, 1, 1, 0, 0, 0, 0, 0, 0, 0, 0, 1, 1, 1, 1, 1], [1, 1, 1, 1, 1, 1, 1, 1, 1, 0, 0, 1, 1, 1, 1, 1], [1, 1, 1, 1, 1, 1, 1, 1, 1, 1, 0, 1, 1, 1, 1, 1], [1, 1, 1, 1, 1, 1, 1, 1, 1, 1, 0, 0, 0, 1, 1, 1], [1, 1, 1, 0, 0, 0, 0, 1, 1, 1, 0, 0, 0, 0, 0, 0]]
35
Killa
Kiid -2 2 0
Conan -1 1 0
Moon -1 1 0
Killa -1 1 3
